boy1 87 21 254 55 1
boy2 89 66 268 32 2
boy3 83 43 704 60 2
boy4 75 57 555 6 3
boy5 77 20 358 58 3
boy6 86 85 946 31 2
boy7 61 17 193 36 1
boy8 92 24 436 14 1
boy9 35 97 389 29 3
boy10 51 70 478 19 2
boy11 67 61 523 88 2
boy12 36 72 544 7 3
boy13 23 34 552 100 3
boy14 19 56 752 20 2
boy15 45 20 374 6 1
boy16 17 56 113 60 1
boy17 23 26 290 82 2
boy18 49 83 266 15 2
boy19 49 4 229 32 3
boy20 56 50 173 47 2
boy21 24 57 149 20 2
boy22 69 37 542 85 1
boy23 23 73 921 22 2
boy24 64 70 989 11 1
boy25 89 60 123 76 1
boy26 88 98 317 76 3
boy27 40 66 249 94 1
boy28 26 61 681 43 2
boy29 48 31 756 100 3
boy30 100 63 974 99 1
boy31 2 53 322 21 1
boy32 19 74 914 24 1
boy33 98 29 881 96 3
boy34 63 20 667 15 1
boy35 22 62 245 69 1
boy36 75 67 418 27 2
boy37 93 28 760 55 3
boy38 41 74 534 29 2
boy39 35 26 411 13 2
boy40 77 42 833 22 1
boy41 66 9 733 22 2
boy42 7 63 165 61 3
boy43 3 52 493 85 2
boy44 96 91 290 83 3
boy45 5 83 456 61 2
boy46 61 36 805 32 1
boy47 23 97 505 4 3
boy48 6 77 905 80 1
boy49 99 83 484 46 1
boy50 24 40 126 33 1