girl1 4 4 983 3 2
girl2 30 73 601 1 2
girl3 21 53 878 3 1
girl4 14 23 654 1 1
girl5 100 89 503 2 2
girl6 47 40 752 2 2
girl7 25 36 511 2 2
girl8 71 22 229 1 2
girl9 21 56 430 2 2
girl10 57 65 559 2 1
girl11 62 17 283 3 3
girl12 39 22 311 2 2
girl13 77 101 283 1 1
girl14 2 54 746 2 1
girl15 97 41 454 2 3
girl16 80 87 726 1 2
girl17 7 34 503 2 3
girl18 87 86 287 3 3
girl19 51 67 200 2 1
girl20 50 6 638 1 1
girl21 21 90 989 2 3
girl22 56 74 729 3 3
girl23 7 82 481 1 3
girl24 20 45 238 1 2
girl25 72 67 704 3 1