b3 g1 1 404 46 47 2 848 69 55
b8 g2 1 124 30 80 1 940 35 94
b1 g3 2 158 69 64 3 396 54 32
b14 g4 2 648 3 21 3 980 53 36
b11 g5 2 926 38 51 3 976 24 8
b2 g6 1 417 60 20 2 581 76 44
b18 g7 3 845 46 100 1 876 19 50
b88 g8 3 856 1 90 1 910 56 68
b13 g9 1 201 15 96 3 296 70 80
b15 g10 3 321 43 49 1 591 98 58
b6 g11 1 628 56 71 3 914 95 37
b12 g12 3 918 92 94 1 922 95 26
b16 g13 1 328 30 47 1 420 88 54
b89 g14 3 524 8 74 2 792 28 74
b30 g16 2 928 69 38 3 930 84 28
b61 g17 3 917 32 18 3 946 14 63
b9 g18 1 668 86 79 2 730 89 85
b76 g19 2 878 22 46 2 987 45 76
b17 g20 2 790 98 72 1 904 22 97
b43 g21 3 817 55 38 1 950 18 55
b81 g22 2 738 26 49 1 757 15 76
b20 g23 3 148 5 46 3 307 46 21
b19 g24 1 638 79 28 3 773 26 54
b31 g25 3 573 90 42 1 583 62 39
b7 g26 2 113 71 78 3 301 91 3
b52 g28 2 345 35 71 2 646 7 26
b22 g29 2 113 49 74 1 148 44 28
b33 g30 1 682 96 53 2 964 43 56
b44 g31 2 465 52 94 1 469 37 83
b45 g32 1 854 51 7 3 978 25 89
b53 g33 3 539 15 21 3 657 69 9
b23 g35 1 357 52 20 3 458 22 41
b24 g36 3 395 76 75 1 447 89 62
b36 g37 3 466 84 34 1 552 63 89
b26 g38 1 342 42 10 2 355 85 40
b21 g40 1 103 86 16 3 389 74 64
b85 g41 1 750 25 3 3 867 69 6
b27 g42 2 208 67 59 2 346 9 12
b90 g44 3 251 10 76 3 518 58 22
b71 g45 1 299 29 93 2 478 59 89
b32 g46 2 229 56 66 3 413 29 8
b41 g47 1 482 75 85 3 580 26 48
b38 g48 1 189 34 12 3 223 84 52
b49 g49 3 492 64 53 3 580 47 83
b40 g50 1 295 32 45 3 338 94 46
***