b95 g40 1 103 86 16 2 374 1 83
b91 g37 3 466 84 34 1 620 2 75
b65 g29 2 113 49 74 3 973 3 40
b54 g25 3 573 90 42 2 633 5 71
b52 g26 2 113 71 78 2 646 7 26
b27 g3 2 158 69 64 2 346 9 12
b93 g2 1 124 30 80 1 130 12 97
b75 g42 2 208 67 59 3 440 12 58
b89 g23 3 148 5 46 2 792 28 74
b61 g48 1 189 34 12 3 946 14 63
b81 g9 1 201 15 96 1 757 15 76
b67 g18 1 668 86 79 2 741 16 89
b87 g46 2 229 56 66 3 388 16 62
b43 g10 3 321 43 49 1 950 18 55
b20 g44 3 251 10 76 3 307 46 21
b18 g50 1 295 32 45 1 876 19 50
b8 g45 1 299 29 93 1 940 35 94
b17 g30 1 682 96 53 1 904 22 97
b92 g13 1 328 30 47 2 774 36 21
b84 g38 1 342 42 10 2 598 22 24
b11 g28 2 345 35 71 3 976 24 8
b23 g35 1 357 52 20 3 458 22 41
b45 g36 3 395 76 75 3 978 25 89
b19 g47 1 482 75 85 3 773 26 54
b44 g1 1 404 46 47 1 469 37 83
b41 g49 3 492 64 53 3 580 26 48
b86 g6 1 417 60 20 3 637 44 46
b56 g20 2 790 98 72 3 972 32 19
b76 g31 2 465 52 94 2 987 45 76
b33 g24 1 638 79 28 2 964 43 56
b14 g14 3 524 8 74 3 980 53 36
b88 g33 3 539 15 21 1 910 56 68
b85 g11 1 628 56 71 3 867 69 6
b3 g21 3 817 55 38 2 848 69 55
b6 g32 1 854 51 7 3 914 95 37
b30 g12 3 918 92 94 3 930 84 28
***